#  Beaglehole Instruments Ltd. Ellipsometry Data File.
#  Measurement data is in columns, column format is:
#    1) ellipsometry x value.
#    2) ellipsometry y value.
#    3) estimated x value from fit model.
#    4) estimated y value from fit model.
#    5) wavelength (in nm).
#    6) angle-of-incidence (in degrees).
#    7) time since the start of the measurement (in seconds).
#
#  Experiment start time :  23 November, 2020, 18:20:08
#  User name             :  
#  Notes                 :  
#  Scan Type             : Time

       0.054631       3.178764       0.000000       0.000000        632.800         51.000            0.000000
       0.054627       3.178931       0.000000       0.000000        632.800         51.000            5.000000
       0.054627       3.179578       0.000000       0.000000        632.800         51.000           10.000000
       0.054668       3.179830       0.000000       0.000000        632.800         51.000           15.000000
       0.054707       3.179277       0.000000       0.000000        632.800         51.000           20.000000
       0.054631       3.178068       0.000000       0.000000        632.800         51.000           25.000000
       0.054626       3.177904       0.000000       0.000000        632.800         51.000           30.000000
       0.054583       3.177793       0.000000       0.000000        632.800         51.000           35.000000
       0.054614       3.179939       0.000000       0.000000        632.800         51.000           40.000000
       0.054603       3.180012       0.000000       0.000000        632.800         51.000           45.000000
       0.054607       3.180293       0.000000       0.000000        632.800         51.000           50.000000
       0.054621       3.180286       0.000000       0.000000        632.800         51.000           55.000000
       0.054634       3.180546       0.000000       0.000000        632.800         51.000           60.000000
       0.054633       3.180744       0.000000       0.000000        632.800         51.000           65.000000
       0.054607       3.180637       0.000000       0.000000        632.800         51.000           70.000000
       0.054628       3.180424       0.000000       0.000000        632.800         51.000           75.000000
       0.054613       3.181448       0.000000       0.000000        632.800         51.000           80.000000
       0.054595       3.180987       0.000000       0.000000        632.800         51.000           85.000000
       0.054652       3.181569       0.000000       0.000000        632.800         51.000           90.000000
       0.054635       3.181060       0.000000       0.000000        632.800         51.000           95.000000
       0.054626       3.182037       0.000000       0.000000        632.800         51.000          100.000000
       0.054648       3.181918       0.000000       0.000000        632.800         51.000          105.000000
       0.054620       3.182093       0.000000       0.000000        632.800         51.000          110.000000
       0.054641       3.180897       0.000000       0.000000        632.800         51.000          115.000000
       0.054609       3.179561       0.000000       0.000000        632.800         51.000          120.000000
       0.054631       3.180024       0.000000       0.000000        632.800         51.000          125.000000
       0.054629       3.179688       0.000000       0.000000        632.800         51.000          130.000000
       0.054640       3.180395       0.000000       0.000000        632.800         51.000          135.000000
       0.054742       3.181004       0.000000       0.000000        632.800         51.000          140.000000
       0.054747       3.181615       0.000000       0.000000        632.800         51.000          145.000000
       0.054772       3.181558       0.000000       0.000000        632.800         51.000          150.000000
       0.054642       3.180951       0.000000       0.000000        632.800         51.000          155.000000
       0.054585       3.180961       0.000000       0.000000        632.800         51.000          160.000000
       0.054649       3.181642       0.000000       0.000000        632.800         51.000          165.000000
       0.054676       3.182710       0.000000       0.000000        632.800         51.000          170.000000
       0.054632       3.183784       0.000000       0.000000        632.800         51.000          175.000000
       0.054634       3.184649       0.000000       0.000000        632.800         51.000          180.000000
       0.054591       3.184711       0.000000       0.000000        632.800         51.000          185.000000
       0.054580       3.184372       0.000000       0.000000        632.800         51.000          190.000000
       0.054608       3.184202       0.000000       0.000000        632.800         51.000          195.000000
       0.054622       3.184959       0.000000       0.000000        632.800         51.000          200.000000
       0.054636       3.184914       0.000000       0.000000        632.800         51.000          205.000000
       0.054593       3.185040       0.000000       0.000000        632.800         51.000          210.000000
       0.054591       3.184786       0.000000       0.000000        632.800         51.000          215.000000
       0.054597       3.185088       0.000000       0.000000        632.800         51.000          220.000000
       0.054592       3.185650       0.000000       0.000000        632.800         51.000          225.000000
       0.054659       3.185817       0.000000       0.000000        632.800         51.000          230.000000
       0.054683       3.186264       0.000000       0.000000        632.800         51.000          235.000000
       0.054633       3.186258       0.000000       0.000000        632.800         51.000          240.000000
       0.054637       3.186093       0.000000       0.000000        632.800         51.000          245.000000
       0.054673       3.186723       0.000000       0.000000        632.800         51.000          250.000000
       0.054603       3.186329       0.000000       0.000000        632.800         51.000          255.000000
       0.054626       3.186483       0.000000       0.000000        632.800         51.000          260.000000
       0.054652       3.186867       0.000000       0.000000        632.800         51.000          265.000000
       0.054585       3.187088       0.000000       0.000000        632.800         51.000          270.000000
       0.054638       3.187762       0.000000       0.000000        632.800         51.000          275.000000
       0.054639       3.188067       0.000000       0.000000        632.800         51.000          280.000000
       0.054659       3.188293       0.000000       0.000000        632.800         51.000          285.000000
       0.054670       3.189008       0.000000       0.000000        632.800         51.000          290.000000
       0.054634       3.189446       0.000000       0.000000        632.800         51.000          295.000000
       0.054633       3.189138       0.000000       0.000000        632.800         51.000          300.000000
       0.054603       3.189631       0.000000       0.000000        632.800         51.000          305.000000
       0.054660       3.189769       0.000000       0.000000        632.800         51.000          310.000000
       0.054650       3.190000       0.000000       0.000000        632.800         51.000          315.000000
       0.054611       3.190191       0.000000       0.000000        632.800         51.000          320.000000
       0.054626       3.189927       0.000000       0.000000        632.800         51.000          325.000000
       0.054661       3.190103       0.000000       0.000000        632.800         51.000          330.000000
       0.054615       3.190908       0.000000       0.000000        632.800         51.000          335.000000
       0.054633       3.191303       0.000000       0.000000        632.800         51.000          340.000000
       0.054626       3.190609       0.000000       0.000000        632.800         51.000          345.000000
       0.054642       3.191767       0.000000       0.000000        632.800         51.000          350.000000
       0.054630       3.190854       0.000000       0.000000        632.800         51.000          355.000000
       0.054629       3.192087       0.000000       0.000000        632.800         51.000          360.000000
       0.054600       3.192154       0.000000       0.000000        632.800         51.000          365.000000
       0.054626       3.192171       0.000000       0.000000        632.800         51.000          370.000000
       0.054653       3.193268       0.000000       0.000000        632.800         51.000          375.000000
       0.054652       3.193804       0.000000       0.000000        632.800         51.000          380.000000
       0.054610       3.193270       0.000000       0.000000        632.800         51.000          385.000000
       0.054628       3.193914       0.000000       0.000000        632.800         51.000          390.000000
       0.054648       3.194640       0.000000       0.000000        632.800         51.000          395.000000
       0.054645       3.194439       0.000000       0.000000        632.800         51.000          400.000000
       0.054604       3.193413       0.000000       0.000000        632.800         51.000          405.000000
       0.054597       3.194151       0.000000       0.000000        632.800         51.000          410.000000
       0.054626       3.194865       0.000000       0.000000        632.800         51.000          415.000000
       0.054621       3.195398       0.000000       0.000000        632.800         51.000          420.000000
       0.054595       3.195541       0.000000       0.000000        632.800         51.000          425.000000
       0.054649       3.196578       0.000000       0.000000        632.800         51.000          430.000000
       0.054660       3.197294       0.000000       0.000000        632.800         51.000          435.000000
       0.054619       3.196540       0.000000       0.000000        632.800         51.000          440.000000
       0.054672       3.197471       0.000000       0.000000        632.800         51.000          445.000000
       0.054645       3.197717       0.000000       0.000000        632.800         51.000          450.000000
       0.054628       3.197899       0.000000       0.000000        632.800         51.000          455.000000
       0.054669       3.197880       0.000000       0.000000        632.800         51.000          460.000000
       0.054656       3.198492       0.000000       0.000000        632.800         51.000          465.000000
       0.054652       3.198905       0.000000       0.000000        632.800         51.000          470.000000
       0.054708       3.199275       0.000000       0.000000        632.800         51.000          475.000000
       0.054723       3.199555       0.000000       0.000000        632.800         51.000          480.000000
       0.054660       3.200473       0.000000       0.000000        632.800         51.000          485.000000
       0.054691       3.200047       0.000000       0.000000        632.800         51.000          490.000000
       0.054679       3.199979       0.000000       0.000000        632.800         51.000          495.000000
       0.054734       3.200324       0.000000       0.000000        632.800         51.000          500.000000
       0.054693       3.201038       0.000000       0.000000        632.800         51.000          505.000000
       0.054680       3.200793       0.000000       0.000000        632.800         51.000          510.000000
       0.054730       3.201055       0.000000       0.000000        632.800         51.000          515.000000
       0.054691       3.201620       0.000000       0.000000        632.800         51.000          520.000000
       0.054695       3.201683       0.000000       0.000000        632.800         51.000          525.000000
       0.054737       3.201887       0.000000       0.000000        632.800         51.000          530.000000
       0.054721       3.202341       0.000000       0.000000        632.800         51.000          535.000000
       0.054786       3.202064       0.000000       0.000000        632.800         51.000          540.000000
       0.054773       3.202414       0.000000       0.000000        632.800         51.000          545.000000
       0.054780       3.202571       0.000000       0.000000        632.800         51.000          550.000000
       0.054784       3.201950       0.000000       0.000000        632.800         51.000          555.000000
       0.054766       3.202483       0.000000       0.000000        632.800         51.000          560.000000
       0.054808       3.202386       0.000000       0.000000        632.800         51.000          565.000000
       0.054801       3.202206       0.000000       0.000000        632.800         51.000          570.000000
       0.054765       3.202828       0.000000       0.000000        632.800         51.000          575.000000
       0.054794       3.202226       0.000000       0.000000        632.800         51.000          580.000000
       0.054745       3.201453       0.000000       0.000000        632.800         51.000          585.000000
       0.054742       3.201334       0.000000       0.000000        632.800         51.000          590.000000
       0.054744       3.201174       0.000000       0.000000        632.800         51.000          595.000000
       0.054721       3.201276       0.000000       0.000000        632.800         51.000          600.000000
       0.054697       3.201384       0.000000       0.000000        632.800         51.000          605.000000
       0.054709       3.201266       0.000000       0.000000        632.800         51.000          610.000000
       0.054751       3.201257       0.000000       0.000000        632.800         51.000          615.000000
       0.054735       3.201088       0.000000       0.000000        632.800         51.000          620.000000
       0.054711       3.201430       0.000000       0.000000        632.800         51.000          625.000000
       0.054739       3.201304       0.000000       0.000000        632.800         51.000          630.000000
       0.054712       3.201012       0.000000       0.000000        632.800         51.000          635.000000
       0.054752       3.201061       0.000000       0.000000        632.800         51.000          640.000000
       0.054700       3.201211       0.000000       0.000000        632.800         51.000          645.000000
       0.054696       3.201069       0.000000       0.000000        632.800         51.000          650.000000
       0.054749       3.200685       0.000000       0.000000        632.800         51.000          655.000000
       0.054730       3.201043       0.000000       0.000000        632.800         51.000          660.000000
       0.054733       3.201460       0.000000       0.000000        632.800         51.000          665.000000
       0.054748       3.201153       0.000000       0.000000        632.800         51.000          670.000000
       0.054780       3.201239       0.000000       0.000000        632.800         51.000          675.000000
       0.054762       3.201684       0.000000       0.000000        632.800         51.000          680.000000
       0.054770       3.201460       0.000000       0.000000        632.800         51.000          685.000000
       0.054791       3.201838       0.000000       0.000000        632.800         51.000          690.000000
       0.054763       3.201405       0.000000       0.000000        632.800         51.000          695.000000
       0.054773       3.201369       0.000000       0.000000        632.800         51.000          700.000000
       0.054783       3.201743       0.000000       0.000000        632.800         51.000          705.000000
       0.054760       3.202019       0.000000       0.000000        632.800         51.000          710.000000
       0.054774       3.202356       0.000000       0.000000        632.800         51.000          715.000000
       0.054737       3.201557       0.000000       0.000000        632.800         51.000          720.000000
       0.054732       3.201339       0.000000       0.000000        632.800         51.000          725.000000
       0.054742       3.201153       0.000000       0.000000        632.800         51.000          730.000000
       0.054735       3.201106       0.000000       0.000000        632.800         51.000          735.000000
       0.054767       3.200963       0.000000       0.000000        632.800         51.000          740.000000
       0.054770       3.200920       0.000000       0.000000        632.800         51.000          745.000000
       0.054763       3.200908       0.000000       0.000000        632.800         51.000          750.000000
       0.054772       3.201915       0.000000       0.000000        632.800         51.000          755.000000
       0.054775       3.202057       0.000000       0.000000        632.800         51.000          760.000000
       0.054806       3.201532       0.000000       0.000000        632.800         51.000          765.000000
       0.054789       3.201894       0.000000       0.000000        632.800         51.000          770.000000
       0.054785       3.201259       0.000000       0.000000        632.800         51.000          775.000000
       0.054744       3.202232       0.000000       0.000000        632.800         51.000          780.000000
       0.054756       3.201279       0.000000       0.000000        632.800         51.000          785.000000
       0.054737       3.201461       0.000000       0.000000        632.800         51.000          790.000000
       0.054750       3.201895       0.000000       0.000000        632.800         51.000          795.000000
       0.054765       3.201570       0.000000       0.000000        632.800         51.000          800.000000
       0.054794       3.201834       0.000000       0.000000        632.800         51.000          805.000000
       0.054780       3.201572       0.000000       0.000000        632.800         51.000          810.000000
       0.054751       3.201613       0.000000       0.000000        632.800         51.000          815.000000
       0.054810       3.201765       0.000000       0.000000        632.800         51.000          820.000000
       0.054788       3.201215       0.000000       0.000000        632.800         51.000          825.000000
       0.054796       3.201562       0.000000       0.000000        632.800         51.000          830.000000
       0.054765       3.201482       0.000000       0.000000        632.800         51.000          835.000000
       0.054803       3.201588       0.000000       0.000000        632.800         51.000          840.000000
       0.054779       3.201369       0.000000       0.000000        632.800         51.000          845.000000
       0.054783       3.201190       0.000000       0.000000        632.800         51.000          850.000000
       0.054787       3.201383       0.000000       0.000000        632.800         51.000          855.000000
       0.054741       3.201797       0.000000       0.000000        632.800         51.000          860.000000
       0.054770       3.201258       0.000000       0.000000        632.800         51.000          865.000000
       0.054790       3.201571       0.000000       0.000000        632.800         51.000          870.000000
       0.197930       6.265559       0.000000       0.000000        632.800         51.000          875.000000
       0.197930       6.265559       0.000000       0.000000        632.800         51.000          880.000000
       0.197930       6.265559       0.000000       0.000000        632.800         51.000          885.000000
       0.197930       6.265559       0.000000       0.000000        632.800         51.000          890.000000
       0.197930       6.265559       0.000000       0.000000        632.800         51.000          895.000000
       0.197930       6.265559       0.000000       0.000000        632.800         51.000          900.000000
       0.197930       6.265559       0.000000       0.000000        632.800         51.000          905.000000
       0.197930       6.265559       0.000000       0.000000        632.800         51.000          910.000000
       0.197930       6.265559       0.000000       0.000000        632.800         51.000          915.000000
       0.197930       6.265559       0.000000       0.000000        632.800         51.000          920.000000
       0.197930       6.265559       0.000000       0.000000        632.800         51.000          925.000000
       0.197930       6.265559       0.000000       0.000000        632.800         51.000          930.000000
       0.197930       6.265559       0.000000       0.000000        632.800         51.000          935.000000
       0.197930       6.265559       0.000000       0.000000        632.800         51.000          940.000000
       0.197930       6.265559       0.000000       0.000000        632.800         51.000          945.000000
       0.197930       6.265559       0.000000       0.000000        632.800         51.000          950.000000
       0.197930       6.265559       0.000000       0.000000        632.800         51.000          955.000000
       0.197930       6.265559       0.000000       0.000000        632.800         51.000          960.000000
       0.197930       6.265559       0.000000       0.000000        632.800         51.000          965.000000
       0.197930       6.265559       0.000000       0.000000        632.800         51.000          970.000000
       0.197930       6.265559       0.000000       0.000000        632.800         51.000          975.000000
       0.197930       6.265559       0.000000       0.000000        632.800         51.000          980.000000
       0.197930       6.265559       0.000000       0.000000        632.800         51.000          985.000000
       0.197930       6.265559       0.000000       0.000000        632.800         51.000          990.000000
       0.197930       6.265559       0.000000       0.000000        632.800         51.000          995.000000
       0.197930       6.265559       0.000000       0.000000        632.800         51.000         1000.000000
       0.197930       6.265559       0.000000       0.000000        632.800         51.000         1005.000000
       0.197930       6.265559       0.000000       0.000000        632.800         51.000         1010.000000
       0.197930       6.265559       0.000000       0.000000        632.800         51.000         1015.000000
       0.197930       6.265559       0.000000       0.000000        632.800         51.000         1020.000000
       0.197930       6.265559       0.000000       0.000000        632.800         51.000         1025.000000
       0.197930       6.265559       0.000000       0.000000        632.800         51.000         1030.000000
       0.197930       6.265559       0.000000       0.000000        632.800         51.000         1035.000000
       0.197930       6.265559       0.000000       0.000000        632.800         51.000         1040.000000
       0.197930       6.265559       0.000000       0.000000        632.800         51.000         1045.000000
       0.197930       6.265559       0.000000       0.000000        632.800         51.000         1050.000000
       0.197930       6.265559       0.000000       0.000000        632.800         51.000         1055.000000
       0.197930       6.265559       0.000000       0.000000        632.800         51.000         1060.000000
       0.197930       6.265559       0.000000       0.000000        632.800         51.000         1065.000000
       0.197930       6.265559       0.000000       0.000000        632.800         51.000         1070.000000
       0.197930       6.265559       0.000000       0.000000        632.800         51.000         1075.000000
       0.197930       6.265559       0.000000       0.000000        632.800         51.000         1080.000000
       0.197930       6.265559       0.000000       0.000000        632.800         51.000         1085.000000
       0.197930       6.265559       0.000000       0.000000        632.800         51.000         1090.000000
       0.197930       6.265559       0.000000       0.000000        632.800         51.000         1095.000000
       0.197930       6.265559       0.000000       0.000000        632.800         51.000         1100.000000
       0.197930       6.265559       0.000000       0.000000        632.800         51.000         1105.000000
       0.197930       6.265559       0.000000       0.000000        632.800         51.000         1110.000000
       0.197930       6.265559       0.000000       0.000000        632.800         51.000         1115.000000
       0.197930       6.265559       0.000000       0.000000        632.800         51.000         1120.000000
       0.197930       6.265559       0.000000       0.000000        632.800         51.000         1125.000000
       0.197930       6.265559       0.000000       0.000000        632.800         51.000         1130.000000
       0.197930       6.265559       0.000000       0.000000        632.800         51.000         1135.000000
       0.197930       6.265559       0.000000       0.000000        632.800         51.000         1140.000000
       0.197930       6.265559       0.000000       0.000000        632.800         51.000         1145.000000
       0.197930       6.265559       0.000000       0.000000        632.800         51.000         1150.000000
       0.197930       6.265559       0.000000       0.000000        632.800         51.000         1155.000000
       0.197930       6.265559       0.000000       0.000000        632.800         51.000         1160.000000
       0.197930       6.265559       0.000000       0.000000        632.800         51.000         1165.000000
       0.197930       6.265559       0.000000       0.000000        632.800         51.000         1170.000000
       0.197930       6.265559       0.000000       0.000000        632.800         51.000         1175.000000
       0.197930       6.265559       0.000000       0.000000        632.800         51.000         1180.000000
       0.197930       6.265559       0.000000       0.000000        632.800         51.000         1185.000000
       0.197930       6.265559       0.000000       0.000000        632.800         51.000         1190.000000
       0.197930       6.265559       0.000000       0.000000        632.800         51.000         1195.000000
       0.197930       6.265559       0.000000       0.000000        632.800         51.000         1200.000000
       0.197930       6.265559       0.000000       0.000000        632.800         51.000         1205.000000
       0.197930       6.265559       0.000000       0.000000        632.800         51.000         1210.000000
       0.197930       6.265559       0.000000       0.000000        632.800         51.000         1215.000000
       0.197930       6.265559       0.000000       0.000000        632.800         51.000         1220.000000
       0.197930       6.265559       0.000000       0.000000        632.800         51.000         1225.000000
       0.197930       6.265559       0.000000       0.000000        632.800         51.000         1230.000000
       0.197930       6.265559       0.000000       0.000000        632.800         51.000         1235.000000
       0.197930       6.265559       0.000000       0.000000        632.800         51.000         1240.000000
       0.197930       6.265559       0.000000       0.000000        632.800         51.000         1245.000000
       0.197930       6.265559       0.000000       0.000000        632.800         51.000         1250.000000
       0.197930       6.265559       0.000000       0.000000        632.800         51.000         1255.000000
       0.197930       6.265559       0.000000       0.000000        632.800         51.000         1260.000000
       0.197930       6.265559       0.000000       0.000000        632.800         51.000         1265.000000
       0.197930       6.265559       0.000000       0.000000        632.800         51.000         1270.000000
       0.197930       6.265559       0.000000       0.000000        632.800         51.000         1275.000000
       0.197930       6.265559       0.000000       0.000000        632.800         51.000         1280.000000
       0.197930       6.265559       0.000000       0.000000        632.800         51.000         1285.000000
       0.197930       6.265559       0.000000       0.000000        632.800         51.000         1290.000000
       0.197930       6.265559       0.000000       0.000000        632.800         51.000         1295.000000
       0.197930       6.265559       0.000000       0.000000        632.800         51.000         1300.000000
       0.197930       6.265559       0.000000       0.000000        632.800         51.000         1305.000000
       0.197930       6.265559       0.000000       0.000000        632.800         51.000         1310.000000
       0.197930       6.265559       0.000000       0.000000        632.800         51.000         1315.000000
       0.197930       6.265559       0.000000       0.000000        632.800         51.000         1320.000000
       0.197930       6.265559       0.000000       0.000000        632.800         51.000         1325.000000
       0.197930       6.265559       0.000000       0.000000        632.800         51.000         1330.000000
       0.197930       6.265559       0.000000       0.000000        632.800         51.000         1335.000000
       0.197930       6.265559       0.000000       0.000000        632.800         51.000         1340.000000
       0.197930       6.265559       0.000000       0.000000        632.800         51.000         1345.000000
       0.197930       6.265559       0.000000       0.000000        632.800         51.000         1350.000000
       0.197930       6.265559       0.000000       0.000000        632.800         51.000         1355.000000
       0.197930       6.265559       0.000000       0.000000        632.800         51.000         1360.000000
       0.197930       6.265559       0.000000       0.000000        632.800         51.000         1365.000000
       0.197930       6.265559       0.000000       0.000000        632.800         51.000         1370.000000
       0.197930       6.265559       0.000000       0.000000        632.800         51.000         1375.000000
       0.197930       6.265559       0.000000       0.000000        632.800         51.000         1380.000000
       0.197930       6.265559       0.000000       0.000000        632.800         51.000         1385.000000
       0.197930       6.265559       0.000000       0.000000        632.800         51.000         1390.000000
       0.197930       6.265559       0.000000       0.000000        632.800         51.000         1395.000000
       0.197930       6.265559       0.000000       0.000000        632.800         51.000         1400.000000
       0.197930       6.265559       0.000000       0.000000        632.800         51.000         1405.000000
       0.197930       6.265559       0.000000       0.000000        632.800         51.000         1410.000000
       0.197930       6.265559       0.000000       0.000000        632.800         51.000         1415.000000
       0.197930       6.265559       0.000000       0.000000        632.800         51.000         1420.000000
       0.197930       6.265559       0.000000       0.000000        632.800         51.000         1425.000000
       0.197930       6.265559       0.000000       0.000000        632.800         51.000         1430.000000
       0.197930       6.265559       0.000000       0.000000        632.800         51.000         1435.000000
       0.197930       6.265559       0.000000       0.000000        632.800         51.000         1440.000000
       0.197930       6.265559       0.000000       0.000000        632.800         51.000         1445.000000
       0.197930       6.265559       0.000000       0.000000        632.800         51.000         1450.000000
       0.197930       6.265559       0.000000       0.000000        632.800         51.000         1455.000000
       0.197930       6.265559       0.000000       0.000000        632.800         51.000         1460.000000
       0.197930       6.265559       0.000000       0.000000        632.800         51.000         1465.000000
       0.197930       6.265559       0.000000       0.000000        632.800         51.000         1470.000000
       0.197930       6.265559       0.000000       0.000000        632.800         51.000         1475.000000
       0.197930       6.265559       0.000000       0.000000        632.800         51.000         1480.000000
       0.197930       6.265559       0.000000       0.000000        632.800         51.000         1485.000000
       0.197930       6.265559       0.000000       0.000000        632.800         51.000         1490.000000
       0.197930       6.265559       0.000000       0.000000        632.800         51.000         1495.000000
       0.197930       6.265559       0.000000       0.000000        632.800         51.000         1500.000000
       0.197930       6.265559       0.000000       0.000000        632.800         51.000         1505.000000
       0.197930       6.265559       0.000000       0.000000        632.800         51.000         1510.000000
       0.197930       6.265559       0.000000       0.000000        632.800         51.000         1515.000000
       0.197930       6.265559       0.000000       0.000000        632.800         51.000         1520.000000
       0.197930       6.265559       0.000000       0.000000        632.800         51.000         1525.000000
       0.197930       6.265559       0.000000       0.000000        632.800         51.000         1530.000000
       0.197930       6.265559       0.000000       0.000000        632.800         51.000         1535.000000
       0.197930       6.265559       0.000000       0.000000        632.800         51.000         1540.000000
       0.197930       6.265559       0.000000       0.000000        632.800         51.000         1545.000000
       0.197930       6.265559       0.000000       0.000000        632.800         51.000         1550.000000
       0.197930       6.265559       0.000000       0.000000        632.800         51.000         1555.000000
       0.197930       6.265559       0.000000       0.000000        632.800         51.000         1560.000000
       0.197930       6.265559       0.000000       0.000000        632.800         51.000         1565.000000
       0.197930       6.265559       0.000000       0.000000        632.800         51.000         1570.000000
       0.197930       6.265559       0.000000       0.000000        632.800         51.000         1575.000000
       0.197930       6.265559       0.000000       0.000000        632.800         51.000         1580.000000
       0.197930       6.265559       0.000000       0.000000        632.800         51.000         1585.000000
       0.197930       6.265559       0.000000       0.000000        632.800         51.000         1590.000000
       0.197930       6.265559       0.000000       0.000000        632.800         51.000         1595.000000
       0.197930       6.265559       0.000000       0.000000        632.800         51.000         1600.000000
       0.197930       6.265559       0.000000       0.000000        632.800         51.000         1605.000000
       0.197930       6.265559       0.000000       0.000000        632.800         51.000         1610.000000
       0.197930       6.265559       0.000000       0.000000        632.800         51.000         1615.000000
       0.197930       6.265559       0.000000       0.000000        632.800         51.000         1620.000000
       0.197930       6.265559       0.000000       0.000000        632.800         51.000         1625.000000
       0.197930       6.265559       0.000000       0.000000        632.800         51.000         1630.000000
       0.197930       6.265559       0.000000       0.000000        632.800         51.000         1635.000000
       0.197930       6.265559       0.000000       0.000000        632.800         51.000         1640.000000
       0.197930       6.265559       0.000000       0.000000        632.800         51.000         1645.000000
       0.197930       6.265559       0.000000       0.000000        632.800         51.000         1650.000000
       0.197930       6.265559       0.000000       0.000000        632.800         51.000         1655.000000
       0.197930       6.265559       0.000000       0.000000        632.800         51.000         1660.000000
       0.197930       6.265559       0.000000       0.000000        632.800         51.000         1665.000000
       0.197930       6.265559       0.000000       0.000000        632.800         51.000         1670.000000
       0.197930       6.265559       0.000000       0.000000        632.800         51.000         1675.000000
       0.197930       6.265559       0.000000       0.000000        632.800         51.000         1680.000000
       0.197930       6.265559       0.000000       0.000000        632.800         51.000         1685.000000
       0.197930       6.265559       0.000000       0.000000        632.800         51.000         1690.000000
       0.197930       6.265559       0.000000       0.000000        632.800         51.000         1695.000000
       0.197930       6.265559       0.000000       0.000000        632.800         51.000         1700.000000
       0.197930       6.265559       0.000000       0.000000        632.800         51.000         1705.000000
       0.197930       6.265559       0.000000       0.000000        632.800         51.000         1710.000000
       0.197930       6.265559       0.000000       0.000000        632.800         51.000         1715.000000
       0.197930       6.265559       0.000000       0.000000        632.800         51.000         1720.000000
       0.197930       6.265559       0.000000       0.000000        632.800         51.000         1725.000000
       0.197930       6.265559       0.000000       0.000000        632.800         51.000         1730.000000
       0.197930       6.265559       0.000000       0.000000        632.800         51.000         1735.000000
       0.197930       6.265559       0.000000       0.000000        632.800         51.000         1740.000000
       0.197930       6.265559       0.000000       0.000000        632.800         51.000         1745.000000
       0.197930       6.265559       0.000000       0.000000        632.800         51.000         1750.000000
       0.197930       6.265559       0.000000       0.000000        632.800         51.000         1755.000000
       0.197930       6.265559       0.000000       0.000000        632.800         51.000         1760.000000
       0.197930       6.265559       0.000000       0.000000        632.800         51.000         1765.000000
       0.197930       6.265559       0.000000       0.000000        632.800         51.000         1770.000000
       0.197930       6.265559       0.000000       0.000000        632.800         51.000         1775.000000
       0.197930       6.265559       0.000000       0.000000        632.800         51.000         1780.000000
       0.197930       6.265559       0.000000       0.000000        632.800         51.000         1785.000000
       0.197930       6.265559       0.000000       0.000000        632.800         51.000         1790.000000
       0.197930       6.265559       0.000000       0.000000        632.800         51.000         1795.000000
       0.197930       6.265559       0.000000       0.000000        632.800         51.000         1800.000000
       0.197930       6.265559       0.000000       0.000000        632.800         51.000         1805.000000
       0.197930       6.265559       0.000000       0.000000        632.800         51.000         1810.000000
       0.197930       6.265559       0.000000       0.000000        632.800         51.000         1815.000000
       0.197930       6.265559       0.000000       0.000000        632.800         51.000         1820.000000
       0.197930       6.265559       0.000000       0.000000        632.800         51.000         1825.000000
       0.197930       6.265559       0.000000       0.000000        632.800         51.000         1830.000000
       0.197930       6.265559       0.000000       0.000000        632.800         51.000         1835.000000
       0.197930       6.265559       0.000000       0.000000        632.800         51.000         1840.000000
       0.197930       6.265559       0.000000       0.000000        632.800         51.000         1845.000000
       0.197930       6.265559       0.000000       0.000000        632.800         51.000         1850.000000
       0.197930       6.265559       0.000000       0.000000        632.800         51.000         1855.000000
       0.197930       6.265559       0.000000       0.000000        632.800         51.000         1860.000000
       0.197930       6.265559       0.000000       0.000000        632.800         51.000         1865.000000
       0.197930       6.265559       0.000000       0.000000        632.800         51.000         1870.000000
       0.197930       6.265559       0.000000       0.000000        632.800         51.000         1875.000000
       0.197930       6.265559       0.000000       0.000000        632.800         51.000         1880.000000
       0.197930       6.265559       0.000000       0.000000        632.800         51.000         1885.000000
       0.197930       6.265559       0.000000       0.000000        632.800         51.000         1890.000000
       0.197930       6.265559       0.000000       0.000000        632.800         51.000         1895.000000
       0.197930       6.265559       0.000000       0.000000        632.800         51.000         1900.000000
       0.197930       6.265559       0.000000       0.000000        632.800         51.000         1905.000000
       0.197930       6.265559       0.000000       0.000000        632.800         51.000         1910.000000
       0.197930       6.265559       0.000000       0.000000        632.800         51.000         1915.000000
       0.197930       6.265559       0.000000       0.000000        632.800         51.000         1920.000000
       0.197930       6.265559       0.000000       0.000000        632.800         51.000         1925.000000
       0.197930       6.265559       0.000000       0.000000        632.800         51.000         1930.000000
       0.197930       6.265559       0.000000       0.000000        632.800         51.000         1935.000000
       0.197930       6.265559       0.000000       0.000000        632.800         51.000         1940.000000
       0.197930       6.265559       0.000000       0.000000        632.800         51.000         1945.000000
       0.197930       6.265559       0.000000       0.000000        632.800         51.000         1950.000000
       0.197930       6.265559       0.000000       0.000000        632.800         51.000         1955.000000
       0.197930       6.265559       0.000000       0.000000        632.800         51.000         1960.000000
       0.197930       6.265559       0.000000       0.000000        632.800         51.000         1965.000000
       0.197930       6.265559       0.000000       0.000000        632.800         51.000         1970.000000
       0.197930       6.265559       0.000000       0.000000        632.800         51.000         1975.000000
       0.197930       6.265559       0.000000       0.000000        632.800         51.000         1980.000000
       0.197930       6.265559       0.000000       0.000000        632.800         51.000         1985.000000
       0.197930       6.265559       0.000000       0.000000        632.800         51.000         1990.000000
       0.197930       6.265559       0.000000       0.000000        632.800         51.000         1995.000000
       0.197930       6.265559       0.000000       0.000000        632.800         51.000         2000.000000
       0.197930       6.265559       0.000000       0.000000        632.800         51.000         2005.000000
       0.197930       6.265559       0.000000       0.000000        632.800         51.000         2010.000000
       0.197930       6.265559       0.000000       0.000000        632.800         51.000         2015.000000
       0.197930       6.265559       0.000000       0.000000        632.800         51.000         2020.000000
       0.197930       6.265559       0.000000       0.000000        632.800         51.000         2025.000000
       0.197930       6.265559       0.000000       0.000000        632.800         51.000         2030.000000
       0.197930       6.265559       0.000000       0.000000        632.800         51.000         2035.000000
       0.197930       6.265559       0.000000       0.000000        632.800         51.000         2040.000000
       0.197930       6.265559       0.000000       0.000000        632.800         51.000         2045.000000
       0.197930       6.265559       0.000000       0.000000        632.800         51.000         2050.000000
       0.197930       6.265559       0.000000       0.000000        632.800         51.000         2055.000000
       0.197930       6.265559       0.000000       0.000000        632.800         51.000         2060.000000
       0.197930       6.265559       0.000000       0.000000        632.800         51.000         2065.000000
       0.197930       6.265559       0.000000       0.000000        632.800         51.000         2070.000000
       0.197930       6.265559       0.000000       0.000000        632.800         51.000         2075.000000
       0.197930       6.265559       0.000000       0.000000        632.800         51.000         2080.000000
       0.197930       6.265559       0.000000       0.000000        632.800         51.000         2085.000000
       0.197930       6.265559       0.000000       0.000000        632.800         51.000         2090.000000
       0.197930       6.265559       0.000000       0.000000        632.800         51.000         2095.000000
       0.197930       6.265559       0.000000       0.000000        632.800         51.000         2100.000000
       0.197930       6.265559       0.000000       0.000000        632.800         51.000         2105.000000
       0.197930       6.265559       0.000000       0.000000        632.800         51.000         2110.000000
       0.197930       6.265559       0.000000       0.000000        632.800         51.000         2115.000000
       0.197930       6.265559       0.000000       0.000000        632.800         51.000         2120.000000
       0.197930       6.265559       0.000000       0.000000        632.800         51.000         2125.000000
       0.197930       6.265559       0.000000       0.000000        632.800         51.000         2130.000000
       0.197930       6.265559       0.000000       0.000000        632.800         51.000         2135.000000
       0.197930       6.265559       0.000000       0.000000        632.800         51.000         2140.000000
       0.197930       6.265559       0.000000       0.000000        632.800         51.000         2145.000000
       0.197930       6.265559       0.000000       0.000000        632.800         51.000         2150.000000
       0.197930       6.265559       0.000000       0.000000        632.800         51.000         2155.000000
       0.197930       6.265559       0.000000       0.000000        632.800         51.000         2160.000000
       0.197930       6.265559       0.000000       0.000000        632.800         51.000         2165.000000
       0.197930       6.265559       0.000000       0.000000        632.800         51.000         2170.000000
       0.197930       6.265559       0.000000       0.000000        632.800         51.000         2175.000000
       0.197930       6.265559       0.000000       0.000000        632.800         51.000         2180.000000
       0.197930       6.265559       0.000000       0.000000        632.800         51.000         2185.000000
       0.197930       6.265559       0.000000       0.000000        632.800         51.000         2190.000000
       0.197930       6.265559       0.000000       0.000000        632.800         51.000         2195.000000
       0.197930       6.265559       0.000000       0.000000        632.800         51.000         2200.000000
       0.197930       6.265559       0.000000       0.000000        632.800         51.000         2205.000000
       0.197930       6.265559       0.000000       0.000000        632.800         51.000         2210.000000
       0.197930       6.265559       0.000000       0.000000        632.800         51.000         2215.000000
       0.197930       6.265559       0.000000       0.000000        632.800         51.000         2220.000000
       0.197930       6.265559       0.000000       0.000000        632.800         51.000         2225.000000
       0.197930       6.265559       0.000000       0.000000        632.800         51.000         2230.000000
       0.197930       6.265559       0.000000       0.000000        632.800         51.000         2235.000000
       0.197930       6.265559       0.000000       0.000000        632.800         51.000         2240.000000
       0.197930       6.265559       0.000000       0.000000        632.800         51.000         2245.000000
       0.197930       6.265559       0.000000       0.000000        632.800         51.000         2250.000000
       0.197930       6.265559       0.000000       0.000000        632.800         51.000         2255.000000
       0.197930       6.265559       0.000000       0.000000        632.800         51.000         2260.000000
       0.197930       6.265559       0.000000       0.000000        632.800         51.000         2265.000000
       0.197930       6.265559       0.000000       0.000000        632.800         51.000         2270.000000
       0.197930       6.265559       0.000000       0.000000        632.800         51.000         2275.000000
       0.197930       6.265559       0.000000       0.000000        632.800         51.000         2280.000000
       0.197930       6.265559       0.000000       0.000000        632.800         51.000         2285.000000
       0.197930       6.265559       0.000000       0.000000        632.800         51.000         2290.000000
       0.197930       6.265559       0.000000       0.000000        632.800         51.000         2295.000000
       0.197930       6.265559       0.000000       0.000000        632.800         51.000         2300.000000
       0.197930       6.265559       0.000000       0.000000        632.800         51.000         2305.000000
       0.197930       6.265559       0.000000       0.000000        632.800         51.000         2310.000000
       0.197930       6.265559       0.000000       0.000000        632.800         51.000         2315.000000
       0.197930       6.265559       0.000000       0.000000        632.800         51.000         2320.000000
       0.197930       6.265559       0.000000       0.000000        632.800         51.000         2325.000000
       0.197930       6.265559       0.000000       0.000000        632.800         51.000         2330.000000
       0.197930       6.265559       0.000000       0.000000        632.800         51.000         2335.000000
       0.197930       6.265559       0.000000       0.000000        632.800         51.000         2340.000000
       0.197930       6.265559       0.000000       0.000000        632.800         51.000         2345.000000
       0.197930       6.265559       0.000000       0.000000        632.800         51.000         2350.000000
       0.197930       6.265559       0.000000       0.000000        632.800         51.000         2355.000000
       0.197930       6.265559       0.000000       0.000000        632.800         51.000         2360.000000
       0.197930       6.265559       0.000000       0.000000        632.800         51.000         2365.000000
       0.197930       6.265559       0.000000       0.000000        632.800         51.000         2370.000000
       0.197930       6.265559       0.000000       0.000000        632.800         51.000         2375.000000
       0.197930       6.265559       0.000000       0.000000        632.800         51.000         2380.000000
       0.197930       6.265559       0.000000       0.000000        632.800         51.000         2385.000000
       0.197930       6.265559       0.000000       0.000000        632.800         51.000         2390.000000
       0.197930       6.265559       0.000000       0.000000        632.800         51.000         2395.000000
       0.197930       6.265559       0.000000       0.000000        632.800         51.000         2400.000000
       0.197930       6.265559       0.000000       0.000000        632.800         51.000         2405.000000
       0.197930       6.265559       0.000000       0.000000        632.800         51.000         2410.000000
       0.197930       6.265559       0.000000       0.000000        632.800         51.000         2415.000000
       0.197930       6.265559       0.000000       0.000000        632.800         51.000         2420.000000
       0.197930       6.265559       0.000000       0.000000        632.800         51.000         2425.000000
       0.197930       6.265559       0.000000       0.000000        632.800         51.000         2430.000000
       0.197930       6.265559       0.000000       0.000000        632.800         51.000         2435.000000
       0.197930       6.265559       0.000000       0.000000        632.800         51.000         2440.000000
       0.197930       6.265559       0.000000       0.000000        632.800         51.000         2445.000000
       0.197930       6.265559       0.000000       0.000000        632.800         51.000         2450.000000
       0.197930       6.265559       0.000000       0.000000        632.800         51.000         2455.000000
       0.197930       6.265559       0.000000       0.000000        632.800         51.000         2460.000000
       0.197930       6.265559       0.000000       0.000000        632.800         51.000         2465.000000
       0.197930       6.265559       0.000000       0.000000        632.800         51.000         2470.000000
       0.197930       6.265559       0.000000       0.000000        632.800         51.000         2475.000000
       0.197930       6.265559       0.000000       0.000000        632.800         51.000         2480.000000
       0.197930       6.265559       0.000000       0.000000        632.800         51.000         2485.000000
       0.197930       6.265559       0.000000       0.000000        632.800         51.000         2490.000000
       0.197930       6.265559       0.000000       0.000000        632.800         51.000         2495.000000
