#  Beaglehole Instruments Ltd. Ellipsometry Data File.
#  Measurement data is in columns, column format is:
#    1) ellipsometry x value.
#    2) ellipsometry y value.
#    3) estimated x value from fit model.
#    4) estimated y value from fit model.
#    5) wavelength (in nm).
#    6) angle-of-incidence (in degrees).
#    7) time since the start of the measurement (in seconds).
#
#  Experiment start time :  23 November, 2020, 18:05:33
#  User name             :  
#  Notes                 :  
#  Scan Type             : Angle

       0.217079       3.153348       0.000000       0.000000        632.800         45.000            0.000000
       0.205432       3.154406       0.000000       0.000000        632.800         45.500            0.000000
       0.192188       3.155736       0.000000       0.000000        632.800         46.000            0.000000
       0.178790       3.156999       0.000000       0.000000        632.800         46.500            0.000000
       0.165448       3.158438       0.000000       0.000000        632.800         47.000            0.000000
       0.151934       3.160266       0.000000       0.000000        632.800         47.500            0.000000
       0.138142       3.162522       0.000000       0.000000        632.800         48.000            0.000000
       0.124314       3.165252       0.000000       0.000000        632.800         48.500            0.000000
       0.110673       3.168870       0.000000       0.000000        632.800         49.000            0.000000
       0.096671       3.173577       0.000000       0.000000        632.800         49.500            0.000000
       0.082652       3.178889       0.000000       0.000000        632.800         50.000            0.000000
       0.068831       3.187990       0.000000       0.000000        632.800         50.500            0.000000
       0.054687       3.199973       0.000000       0.000000        632.800         51.000            0.000000
       0.040307       3.222343       0.000000       0.000000        632.800         51.500            0.000000
       0.026217       3.267175       0.000000       0.000000        632.800         52.000            0.000000
       0.012530       3.406992       0.000000       0.000000        632.800         52.500            0.000000
       0.004036       5.329027       0.000000       0.000000        632.800         53.000            0.000000
       0.017139       6.086800       0.000000       0.000000        632.800         53.500            0.000000
       0.030965       6.174420       0.000000       0.000000        632.800         54.000            0.000000
       0.044951       6.209250       0.000000       0.000000        632.800         54.500            0.000000
       0.059402       6.227198       0.000000       0.000000        632.800         55.000            0.000000
       0.073652       6.237446       0.000000       0.000000        632.800         55.500            0.000000
       0.087449       6.244715       0.000000       0.000000        632.800         56.000            0.000000
       0.101594       6.250202       0.000000       0.000000        632.800         56.500            0.000000
       0.115907       6.254215       0.000000       0.000000        632.800         57.000            0.000000
       0.129669       6.257364       0.000000       0.000000        632.800         57.500            0.000000
       0.143308       6.260077       0.000000       0.000000        632.800         58.000            0.000000
       0.157300       6.261847       0.000000       0.000000        632.800         58.500            0.000000
       0.171204       6.263660       0.000000       0.000000        632.800         59.000            0.000000
       0.184541       6.265079       0.000000       0.000000        632.800         59.500            0.000000
       0.198083       6.266307       0.000000       0.000000        632.800         60.000            0.000000
